start=3761.549000
volume=89.000000
