start=442.233000
pause=yes
volume=70.000000
fullscreen=no
sid=1
