start=1187.120000
pause=yes
volume=76.000000
fullscreen=no
sid=1
