start=5063.040000
volume=120.000000
