start=796.560000
volume=130.000000
