start=2804.093000
volume=47.000000
sid=1
