start=3873.870000
pause=yes
volume=60.000000
