start=3040.417000
volume=113.000000
