start=2843.340000
volume=115.000000
