start=1324.240000
volume=70.000000
fullscreen=no
