start=2736.984000
volume=88.000000
