start=2796.544000
pause=yes
volume=67.000000
