start=909.900000
volume=26.000000
fullscreen=no
