start=2667.458000
pause=yes
volume=110.000000
