start=105.120000
pause=yes
volume=130.000000
