start=1037.120000
pause=yes
volume=130.000000
sub-pos=99
