start=2841.080000
volume=130.000000
