start=2679.385000
pause=yes
volume=47.000000
sid=1
