start=2684.682000
volume=67.000000
