start=7759.793708
volume=48.000000
sid=1
