start=319.160000
volume=94.000000
brightness=-3
saturation=-2
