start=1010.366667
pause=yes
volume=70.000000
