start=2976.640000
volume=55.000000
