start=4729.200000
volume=130.000000
