start=2331.680000
volume=130.000000
sub-delay=-0.000000
