start=3059.556000
volume=45.000000
