start=3500.002000
volume=123.000000
