start=2818.774000
volume=67.000000
