start=2820.192000
volume=67.000000
