start=2541.415000
volume=115.000000
sub-delay=-0.000000
