start=2542.333000
volume=115.000000
sub-delay=-0.000000
