start=1691.862000
volume=125.000000
