start=4420.720000
volume=52.000000
