start=3470.719000
volume=105.000000
