start=2578.577000
volume=110.000000
sid=1
