start=2984.190000
volume=50.000000
