start=1828.421000
volume=75.000000
