start=2686.767000
volume=78.000000
sid=1
