start=3325.285000
volume=118.000000
