start=1334.520000
pause=yes
volume=130.000000
sub-pos=99
