start=3363.652000
volume=124.000000
