start=3045.127000
pause=yes
sub-delay=-0.000000
