start=1904.141000
volume=60.000000
