start=2687.018000
volume=127.000000
