start=5617.946000
volume=110.000000
