start=2818.941000
volume=26.000000
fullscreen=no
