start=2994.618000
volume=119.000000
