start=3422.857000
sid=1
sub-delay=-0.000000
