start=4544.920000
sub-delay=-0.000000
