start=1697.738000
pause=yes
volume=93.000000
sid=1
