start=2839.967000
volume=77.000000
