start=192.651000
sub-delay=-0.100000
