start=5254.560000
volume=85.000000
