start=2823.404000
volume=130.000000
