start=3192.689000
volume=65.000000
