start=4918.539000
volume=102.000000
sid=1
ab-loop-a=38.121000
ab-loop-b=38.121000
