start=2907.530000
volume=65.000000
