start=2163.221000
pause=yes
volume=69.000000
